5 0.417113 0.878069 0.415515 0.892008 0.424227 0.894208 0.487216 0.898571 0.491753 0.892664 0.612938 0.901622 0.627887 0.904749 0.639742 0.911313 0.638711 0.916680 0.626959 0.917066 0.615052 0.912819 0.597010 0.913629 0.597010 0.913629 0.597526 0.923243 0.651082 0.922124 0.651649 0.910077 0.639742 0.902394 0.616546 0.895058 0.493814 0.885328 0.500000 0.866023 0.496907 0.860232 0.428454 0.855637 0.421701 0.870000 0.265567 0.867259 0.253144 0.876873 0.254639 0.885714 0.266082 0.893938 0.327423 0.892008 0.327423 0.892008 0.327887 0.882703 0.274845 0.883436 0.274845 0.883436 0.270155 0.879189 0.270155 0.879189 0.276856 0.876873
5 0.414948 0.927954 0.471134 0.933320 0.467010 0.948031 0.626289 0.939768 0.625258 0.933591 0.601031 0.933745 0.593814 0.928301 0.631443 0.928726 0.631443 0.928726 0.636598 0.934517 0.632990 0.941815 0.623711 0.946100 0.461856 0.953050 0.459278 0.959189 0.407732 0.953668 0.408763 0.949421 0.334536 0.943243 0.321134 0.935521 0.243299 0.933514 0.243299 0.933514 0.238144 0.926178 0.236598 0.917683 0.247423 0.908803 0.288660 0.907645 0.288144 0.915367 0.248969 0.917297 0.250000 0.925792 0.323711 0.930425 0.337113 0.938147 0.410825 0.944324
5 0.378351 0.413127 0.651237 0.416409 0.656546 0.426409 0.654948 0.442471 0.685309 0.441274 0.690876 0.438919 0.740206 0.439382 0.740722 0.447490 0.770103 0.446332 0.767577 0.455869 0.727320 0.453668 0.722784 0.447722 0.654691 0.449344 0.653247 0.473243 0.379948 0.475174 0.375361 0.470541 0.376340 0.446950 0.348608 0.440849 0.328454 0.445483 0.328454 0.445483 0.282474 0.445792 0.282474 0.445792 0.245412 0.424247 0.245412 0.424247 0.245412 0.424247 0.251598 0.413436 0.285206 0.411506 0.322010 0.425097 0.322835 0.431544 0.280052 0.419228 0.258866 0.420386 0.258866 0.420386 0.288814 0.438494 0.325979 0.436988 0.344021 0.429614 0.376959 0.436139
5 0.438144 0.656757 0.564330 0.668996 0.564433 0.682239 0.622835 0.682896 0.639639 0.677683 0.696495 0.672471 0.696495 0.672471 0.705155 0.677259 0.705722 0.683745 0.698763 0.688108 0.643763 0.695483 0.646598 0.687220 0.692371 0.684633 0.688918 0.678533 0.617062 0.691120 0.562010 0.690270 0.557887 0.701892 0.557887 0.701892 0.549691 0.704595 0.516701 0.700734 0.516701 0.696873 0.475979 0.696062 0.469794 0.693784 0.469794 0.693784 0.432113 0.694556 0.433144 0.676795 0.398608 0.679112 0.380103 0.687606 0.292474 0.686062 0.287320 0.679884 0.287320 0.673320 0.288299 0.667143 0.295052 0.664054 0.302268 0.661737 0.356907 0.660193 0.355876 0.667143 0.355876 0.667143 0.300722 0.667529 0.300722 0.667529 0.296082 0.672934 0.299691 0.678340 0.380619 0.678340 0.401753 0.668687 0.435567 0.666795
5 0.377216 0.273012 0.600515 0.265251 0.607732 0.262046 0.632990 0.262664 0.632990 0.262664 0.638660 0.271197 0.639485 0.280347 0.724227 0.281583 0.721753 0.271815 0.733969 0.272432 0.737268 0.280347 0.760876 0.301081 0.754330 0.309653 0.742938 0.305367 0.732371 0.291313 0.642938 0.294208 0.643918 0.311158 0.639330 0.316178 0.626959 0.322394 0.382577 0.335521 0.379485 0.330077 0.377474 0.308108 0.355309 0.308456 0.315567 0.329344 0.270773 0.329691 0.244433 0.310811 0.250155 0.306139 0.271649 0.320077 0.272320 0.312317 0.277835 0.307336 0.287113 0.306178 0.296392 0.308108 0.300619 0.313475 0.300155 0.320077 0.319227 0.319653 0.350103 0.302664 0.377474 0.300000
5 0.435979 0.556255 0.557113 0.551622 0.557113 0.565907 0.563814 0.566293 0.653402 0.566757 0.662371 0.561004 0.690722 0.561776 0.701546 0.565251 0.705155 0.572587 0.704124 0.580309 0.695567 0.585560 0.663608 0.586757 0.663608 0.586757 0.655876 0.590193 0.649175 0.589035 0.656392 0.580965 0.656392 0.580965 0.692990 0.579035 0.692990 0.579035 0.696082 0.573243 0.689897 0.569382 0.660515 0.569382 0.556907 0.572819 0.557423 0.584402 0.549691 0.586757 0.431649 0.590193 0.427010 0.585946 0.425464 0.574363 0.384742 0.572819 0.384742 0.572819 0.367010 0.567568 0.344021 0.564710 0.312887 0.564865 0.290722 0.569112 0.280412 0.571429 0.281134 0.576680 0.331134 0.577104 0.329588 0.584015 0.272371 0.582896 0.270309 0.570116 0.270825 0.570116 0.283711 0.563938 0.312577 0.560077 0.327526 0.558919 0.367526 0.559459 0.386082 0.566409 0.428041 0.566255
5 0.417010 0.735521 0.418557 0.736293 0.419072 0.718533 0.551031 0.718147 0.551031 0.735135 0.571134 0.735521 0.580412 0.729730 0.613402 0.730888 0.625773 0.742857 0.693814 0.742857 0.692784 0.750579 0.692784 0.750579 0.616495 0.749807 0.609278 0.734749 0.609278 0.734749 0.580928 0.736293 0.572165 0.739768 0.572165 0.739768 0.549485 0.740154 0.550000 0.760232 0.417526 0.756757 0.417526 0.742085 0.357216 0.739768 0.351546 0.742857 0.374227 0.745560 0.372165 0.752510 0.353093 0.753282 0.344845 0.749421 0.343814 0.745560 0.343814 0.745560 0.272165 0.737838 0.273196 0.730502 0.342784 0.738610 0.348969 0.735521 0.361856 0.733591
5 0.384536 0.113127 0.694948 0.098610 0.697268 0.093938 0.696701 0.079884 0.696701 0.079884 0.893454 0.105444 0.893454 0.105444 0.903660 0.095212 0.904227 0.082432 0.837732 0.067954 0.835979 0.075174 0.894588 0.087954 0.895876 0.094208 0.888660 0.099614 0.696701 0.073900 0.696907 0.053668 0.692268 0.049807 0.681959 0.049807 0.379381 0.062162 0.381443 0.090347 0.306701 0.084170 0.261340 0.093822 0.246289 0.089228 0.246289 0.089228 0.204227 0.083282 0.193402 0.083282 0.186031 0.086680 0.166443 0.086178 0.166959 0.081158 0.193814 0.080386 0.199433 0.077336 0.238608 0.077683 0.238608 0.072664 0.157165 0.073050 0.157165 0.073050 0.158711 0.093127 0.191701 0.092741 0.204639 0.088919 0.246907 0.095367 0.255155 0.100000 0.265979 0.101158 0.311340 0.091120 0.326289 0.093822 0.384021 0.098456
5 0.645464 0.222857 0.648505 0.197336 0.680103 0.196409 0.748866 0.223784 0.742268 0.230888 0.700825 0.214208 0.700825 0.214208 0.692320 0.217838 0.736082 0.236525 0.736082 0.236525 0.751907 0.234710 0.751907 0.234710 0.755567 0.228340 0.755567 0.218301 0.685000 0.190039 0.685000 0.190039 0.647268 0.190965 0.648969 0.175676 0.648454 0.169498 0.641186 0.166332 0.388144 0.167954 0.383505 0.199228 0.364330 0.199151 0.270000 0.239730 0.270619 0.247452 0.273041 0.254286 0.278557 0.260232 0.288299 0.261583 0.347887 0.233320 0.342423 0.228764 0.287062 0.254286 0.287062 0.254286 0.283402 0.247915 0.288299 0.242008 0.362526 0.209653 0.386856 0.204633 0.388660 0.230502
5 0.412423 0.791313 0.414485 0.783977 0.414485 0.783977 0.422216 0.780888 0.544381 0.783977 0.542835 0.802124 0.620670 0.800965 0.638196 0.793243 0.688711 0.794788 0.694897 0.798263 0.698505 0.805985 0.692835 0.812162 0.680464 0.818340 0.668608 0.817954 0.655722 0.821815 0.649536 0.827606 0.642835 0.824131 0.657268 0.815251 0.683041 0.811390 0.687680 0.804440 0.682526 0.802124 0.636134 0.801351 0.636134 0.801351 0.626856 0.807915 0.626856 0.807915 0.540773 0.808301 0.540773 0.808301 0.539227 0.819112 0.409278 0.814672 0.409330 0.797490 0.393351 0.797104 0.287165 0.757722 0.287165 0.757722 0.272216 0.756564 0.271701 0.756564 0.268093 0.760425 0.274794 0.766602 0.319124 0.774710 0.315000 0.786293 0.315000 0.786293 0.262423 0.770463 0.258299 0.760039 0.262423 0.752317 0.277320 0.749035 0.306753 0.755792 0.396443 0.790541 0.396443 0.790541
