0 0.109000 0.578889 0.076781 0.128444
0 0.276516 0.187514 0.041781 0.070861
0 0.287703 0.155889 0.034125 0.053389
0 0.336953 0.033472 0.033406 0.062333
0 0.325414 0.242903 0.055109 0.088139
2 0.448313 0.304361 0.070469 0.129944
2 0.560148 0.350556 0.068984 0.163944
3 0.028266 0.798903 0.056531 0.109750
0 0.615812 0.255889 0.056625 0.085611
0 0.566320 0.220181 0.061234 0.079583
0 0.709844 0.166833 0.079625 0.080444
0 0.973367 0.212611 0.053266 0.074444
0 0.161773 0.909639 0.120734 0.180722
0 0.388672 0.179819 0.068281 0.073083
0 0.654055 0.154361 0.075516 0.074444
0 0.871125 0.122222 0.086000 0.066222
0 0.957289 0.079097 0.083266 0.061639
0 0.571508 0.950583 0.085547 0.098833
0 0.214297 0.308139 0.049531 0.083222
0 0.599656 0.118514 0.086406 0.075194
0 0.744359 0.096653 0.087156 0.062194
0 0.516414 0.035431 0.035578 0.059361
0 0.429281 0.035861 0.036062 0.056722
0 0.565422 0.032847 0.037750 0.060139
0 0.376883 0.038167 0.036297 0.053667
2 0.174023 0.382069 0.088141 0.190083
0 0.288984 0.414583 0.070156 0.108056
2 0.230437 0.249083 0.063562 0.153722
0 0.269016 0.211833 0.031063 0.079111
