3 0.313992 0.387583 0.011203 0.032778
1 0.504852 0.213569 0.028516 0.062194
2 0.908164 0.784806 0.087672 0.127000
2 0.874180 0.733486 0.074453 0.098861
3 0.500703 0.293056 0.008375 0.022222
1 0.278906 0.233722 0.034063 0.069111
1 0.150297 0.488583 0.085094 0.152167
1 0.277148 0.443653 0.063891 0.133472
0 0.311305 0.565194 0.046328 0.073833
0 0.385586 0.562014 0.046641 0.075417
0 0.384039 0.494917 0.039484 0.062833
0 0.355453 0.330472 0.026500 0.038278
0 0.348687 0.373181 0.030656 0.043194
0 0.339070 0.437417 0.034422 0.053222
0 0.329109 0.507736 0.036594 0.058472
0 0.371805 0.724597 0.057672 0.099250
0 0.179219 0.836639 0.069500 0.111722
0 0.258703 0.926611 0.071000 0.130778
0 0.844250 0.699278 0.065875 0.077556
0 0.823352 0.650014 0.062672 0.088028
0 0.642266 0.426542 0.036469 0.047528
0 0.573828 0.298097 0.027969 0.041028
3 0.693242 0.415194 0.037578 0.042500
3 0.387398 0.393361 0.010484 0.031500
3 0.303477 0.689347 0.022109 0.069972
