0 0.344547 0.373111 0.034969 0.059333
2 0.422047 0.295944 0.033094 0.061944
2 0.317602 0.267819 0.032078 0.077194
4 0.089820 0.837264 0.044641 0.057694
3 0.297687 0.489778 0.016531 0.049778
0 0.511773 0.353500 0.031516 0.054111
0 0.507102 0.277889 0.027359 0.051056
3 0.211281 0.529528 0.043125 0.042167
0 0.257359 0.419958 0.043656 0.085639
0 0.466922 0.301236 0.028844 0.066194
0 0.486453 0.587333 0.043656 0.087444
4 0.077633 0.868153 0.048078 0.052972
3 0.173180 0.613500 0.066547 0.074111
0 0.352891 0.290986 0.028500 0.050694
4 0.142773 0.712403 0.039297 0.049306
0 0.307734 0.299611 0.024687 0.044444
2 0.634797 0.181250 0.059063 0.042222
1 0.404625 0.109750 0.023625 0.053278
2 0.288672 0.332972 0.044531 0.093667
