0 0.293805 0.409347 0.068953 0.101861
0 0.308711 0.300083 0.059953 0.087944
3 0.028266 0.800750 0.056531 0.111389
0 0.170180 0.869861 0.113078 0.183056
3 0.421734 0.138097 0.034187 0.057917
2 0.447992 0.308181 0.070391 0.128583
2 0.601602 0.184861 0.063359 0.094722
0 0.799719 0.125556 0.085250 0.062222
0 0.515437 0.159778 0.059125 0.070556
2 0.810008 0.080708 0.098984 0.081972
0 0.109078 0.578611 0.075344 0.127833
0 0.358336 0.224736 0.074578 0.086083
0 0.133469 0.508861 0.080344 0.139500
2 0.173328 0.382431 0.086906 0.191194
0 0.346523 0.170375 0.050859 0.092583
0 0.335758 0.030639 0.034328 0.055000
0 0.281469 0.157222 0.047906 0.063333
0 0.275727 0.187583 0.042672 0.072500
2 0.228586 0.249306 0.070797 0.156111
0 0.214562 0.305917 0.049000 0.078944
0 0.268602 0.209528 0.031797 0.076222
0 0.566359 0.035500 0.034375 0.059722
0 0.515031 0.032722 0.036094 0.059167
0 0.977961 0.073319 0.044078 0.069472
0 0.400031 0.036056 0.037656 0.050278
