0 0.504016 0.031375 0.034125 0.062750
2 0.446977 0.305417 0.070922 0.128667
0 0.107805 0.556583 0.094859 0.175222
0 0.214500 0.318097 0.050375 0.104139
2 0.228313 0.247875 0.070281 0.155806
0 0.269133 0.212319 0.030734 0.076583
0 0.329094 0.224944 0.061594 0.101778
0 0.454445 0.175694 0.084578 0.073722
1 0.727414 0.083528 0.214484 0.149778
2 0.175117 0.380264 0.087266 0.189250
0 0.195531 0.754917 0.083594 0.154056
0 0.336547 0.028153 0.034125 0.056306
0 0.602539 0.162028 0.092578 0.076111
2 0.928906 0.203333 0.090063 0.131389
2 0.310586 0.314222 0.076141 0.163000
2 0.942023 0.057181 0.115953 0.114361
0 0.275070 0.186917 0.040672 0.072278
0 0.282930 0.160097 0.043328 0.070917
2 0.562531 0.888139 0.095594 0.210000
3 0.027461 0.806792 0.054922 0.095861
0 0.555906 0.634583 0.076781 0.149722
0 0.620609 0.433111 0.066781 0.111000
0 0.456711 0.029875 0.037266 0.059750
0 0.563805 0.036375 0.038453 0.050528
