2 0.216781 0.957819 0.091844 0.084361
3 0.518977 0.675708 0.017922 0.046806
0 0.294586 0.820819 0.064078 0.113917
2 0.340562 0.651750 0.049719 0.092333
2 0.454148 0.530250 0.050328 0.088333
0 0.258734 0.678014 0.051500 0.101806
2 0.287602 0.591125 0.051266 0.118806
0 0.314898 0.554319 0.029703 0.057028
0 0.389875 0.507875 0.037375 0.051083
0 0.543883 0.520681 0.035078 0.064917
0 0.326578 0.523722 0.035000 0.058611
0 0.335328 0.499694 0.027500 0.048333
2 0.340477 0.478861 0.029703 0.047222
0 0.392672 0.421208 0.050000 0.042472
0 0.761961 0.470083 0.043578 0.043500
0 0.716531 0.468597 0.037656 0.043528
2 0.768992 0.393500 0.053484 0.041722
3 0.142398 0.956708 0.075578 0.081806
0 0.524000 0.975139 0.056969 0.049722
1 0.493234 0.342917 0.036188 0.081444
1 0.576391 0.422667 0.094969 0.099667
