3 0.710914 0.117153 0.034453 0.055861
2 0.948344 0.049625 0.099406 0.099250
3 0.028711 0.799194 0.057422 0.113389
0 0.675828 0.842903 0.087875 0.182028
0 0.556094 0.580153 0.073375 0.140806
2 0.449375 0.309208 0.071437 0.133250
0 0.605547 0.216736 0.061906 0.088250
0 0.892875 0.093694 0.085656 0.065556
0 0.809750 0.111778 0.084625 0.073056
3 0.709906 0.191847 0.035250 0.062694
3 0.666883 0.147958 0.025391 0.057306
0 0.557070 0.030458 0.039891 0.050861
0 0.514664 0.034625 0.038078 0.056306
0 0.467617 0.036958 0.035078 0.058861
0 0.302109 0.393264 0.065875 0.103472
0 0.456000 0.166514 0.068031 0.066417
0 0.401992 0.201847 0.072109 0.075806
0 0.351094 0.233361 0.061781 0.080056
0 0.321422 0.266917 0.056281 0.071556
0 0.312906 0.326764 0.063813 0.112806
3 0.252750 0.375708 0.026594 0.066861
0 0.214016 0.518278 0.077000 0.123833
0 0.109523 0.571250 0.077453 0.138500
0 0.138055 0.518278 0.074484 0.114889
2 0.178609 0.399736 0.089125 0.127917
0 0.203820 0.360847 0.058891 0.102250
2 0.227836 0.246042 0.069328 0.149139
0 0.268758 0.207917 0.030641 0.080556
0 0.275492 0.187542 0.042109 0.072694
0 0.404945 0.034583 0.039484 0.057667
0 0.292922 0.135958 0.051187 0.083472
0 0.283758 0.155125 0.042109 0.058750
