2 0.340187 0.479056 0.029594 0.047833
0 0.564500 0.518444 0.033031 0.056722
1 0.471781 0.552667 0.058625 0.163556
2 0.526914 0.360194 0.026703 0.050056
2 0.407766 0.382458 0.028031 0.062194
0 0.424133 0.473903 0.045953 0.043417
0 0.328484 0.526472 0.032656 0.056111
0 0.334734 0.499250 0.029219 0.045000
0 0.314656 0.557028 0.028125 0.060556
2 0.287859 0.592264 0.050156 0.118417
0 0.258250 0.677028 0.050625 0.102222
0 0.319250 0.781861 0.060875 0.114167
2 0.778828 0.502083 0.055438 0.076167
0 0.729336 0.482083 0.043109 0.046444
3 0.144164 0.952542 0.065109 0.066694
