0 0.414844 0.038389 0.035469 0.052778
0 0.462625 0.035792 0.036656 0.051861
0 0.570508 0.043611 0.041609 0.056111
0 0.978195 0.217208 0.043609 0.079417
0 0.523687 0.035486 0.035375 0.070972
0 0.913180 0.218347 0.073766 0.080361
2 0.321531 0.242222 0.071219 0.147778
0 0.604609 0.251444 0.052344 0.093222
0 0.986625 0.090500 0.026750 0.050667
0 0.107883 0.581042 0.077359 0.128194
0 0.212711 0.313569 0.052703 0.085917
2 0.227523 0.249972 0.068172 0.155611
0 0.267727 0.210222 0.031703 0.071667
0 0.276008 0.189889 0.040172 0.070556
0 0.709344 0.177194 0.075031 0.072000
0 0.523984 0.140417 0.086719 0.072500
2 0.364844 0.060750 0.042656 0.106944
0 0.199844 0.363222 0.065000 0.101778
3 0.028820 0.801167 0.057641 0.111000
4 0.269922 0.352917 0.017656 0.068833
2 0.808609 0.087861 0.114688 0.117056
0 0.334016 0.030736 0.030844 0.054639
0 0.369477 0.200181 0.048641 0.076139
2 0.447969 0.310139 0.069688 0.131944
0 0.588266 0.393403 0.064719 0.118194
