0 0.546359 0.392028 0.061875 0.126111
0 0.275133 0.184417 0.040984 0.080556
2 0.656203 0.128014 0.090937 0.080861
0 0.881844 0.112069 0.089125 0.074694
3 0.448312 0.048181 0.014938 0.046417
2 0.448703 0.312958 0.070625 0.137417
0 0.728781 0.103278 0.067656 0.065278
2 0.401523 0.039292 0.052578 0.078583
0 0.658703 0.199500 0.073438 0.077889
3 0.029422 0.798764 0.058844 0.107472
0 0.055070 0.931667 0.110141 0.136667
0 0.108586 0.572375 0.078141 0.136972
0 0.134031 0.502250 0.084687 0.111389
0 0.180703 0.922736 0.114219 0.154528
0 0.578336 0.814347 0.091172 0.177861
0 0.581453 0.584514 0.069156 0.135917
2 0.162469 0.426694 0.079062 0.147500
0 0.203125 0.360681 0.059156 0.099639
2 0.227859 0.249361 0.068812 0.155444
0 0.268937 0.212639 0.030156 0.075278
0 0.625914 0.301153 0.059422 0.114917
0 0.398539 0.208056 0.082078 0.081667
0 0.317602 0.328000 0.055828 0.090000
