0 0.358227 0.321444 0.027234 0.045278
0 0.318672 0.584556 0.048906 0.078889
0 0.513062 0.394819 0.029719 0.042250
0 0.253078 0.407806 0.034219 0.043944
0 0.273922 0.335875 0.029469 0.056417
0 0.332094 0.346139 0.024531 0.042500
0 0.389570 0.707097 0.058484 0.120472
0 0.393422 0.498722 0.040469 0.071333
0 0.385375 0.424333 0.033219 0.052833
0 0.507453 0.370236 0.030063 0.045194
0 0.589961 0.274667 0.023984 0.032889
0 0.557453 0.376653 0.032937 0.042639
0 0.568805 0.423667 0.038547 0.053444
0 0.210086 0.404389 0.028922 0.048333
0 0.240313 0.445833 0.034094 0.053722
1 0.295023 0.394153 0.057453 0.119528
0 0.464422 0.381333 0.028844 0.047889
0 0.519742 0.437028 0.033234 0.047278
2 0.908062 0.786125 0.088312 0.127583
2 0.876102 0.741458 0.069266 0.105694
0 0.227539 0.659792 0.055203 0.097250
3 0.220148 0.507903 0.015234 0.044361
3 0.692859 0.414014 0.035313 0.040917
0 0.616953 0.373319 0.033594 0.046250
0 0.261437 0.536792 0.043969 0.086139
1 0.157672 0.472417 0.081219 0.145667
0 0.821359 0.648903 0.057844 0.092917
0 0.842461 0.699667 0.062266 0.080333
0 0.971758 0.940833 0.056484 0.118333
0 0.128766 0.957625 0.083406 0.084750
0 0.397930 0.904778 0.081797 0.172889
0 0.325188 0.308889 0.025781 0.042778
0 0.364844 0.253903 0.026969 0.048917
0 0.289164 0.281250 0.024484 0.044833
0 0.389195 0.318333 0.023734 0.043500
