2 0.272742 0.640958 0.042672 0.094806
2 0.288438 0.593542 0.048937 0.120472
0 0.592703 0.457625 0.037563 0.049639
3 0.159664 0.909222 0.056578 0.054000
0 0.691641 0.415972 0.049375 0.038167
2 0.741250 0.396444 0.053437 0.049167
2 0.496484 0.442181 0.057969 0.063417
0 0.258672 0.681083 0.049844 0.099444
0 0.437258 0.471444 0.061391 0.055278
0 0.563797 0.419986 0.051344 0.042861
0 0.379203 0.524361 0.035000 0.061667
2 0.371328 0.408111 0.069844 0.061944
2 0.338703 0.480778 0.029594 0.047389
0 0.326406 0.526111 0.034219 0.058889
3 0.150164 0.949236 0.056766 0.067806
