0 0.649336 0.442181 0.034453 0.053194
0 0.274102 0.431167 0.039203 0.059333
0 0.330797 0.446431 0.037250 0.058750
0 0.248328 0.973153 0.068375 0.053694
1 0.304469 0.227347 0.031875 0.070694
2 0.358359 0.173639 0.023250 0.049333
0 0.505172 0.373792 0.028031 0.044250
0 0.275305 0.818556 0.064641 0.109222
0 0.316867 0.533125 0.044391 0.068528
0 0.389437 0.585833 0.045688 0.074889
0 0.387008 0.460833 0.037578 0.056444
0 0.459508 0.375639 0.025141 0.041611
1 0.523703 0.252306 0.034344 0.078333
2 0.215617 0.372708 0.038234 0.081806
0 0.363469 0.863181 0.066781 0.113028
2 0.626484 0.357472 0.048906 0.102167
0 0.569953 0.676542 0.051281 0.083583
2 0.872352 0.731639 0.070516 0.098778
0 0.841117 0.698222 0.057266 0.080333
0 0.823523 0.649472 0.062078 0.085833
3 0.795258 0.617250 0.034703 0.062611
3 0.691984 0.406861 0.038844 0.049722
0 0.344078 0.387111 0.029469 0.047222
0 0.306492 0.365514 0.030797 0.047806
0 0.280516 0.321111 0.027344 0.042167
2 0.908414 0.783736 0.088141 0.126972
0 0.574219 0.426569 0.034688 0.052528
0 0.549891 0.545944 0.041625 0.071611
0 0.293703 0.294083 0.024688 0.042056
3 0.260453 0.580528 0.020094 0.052944
0 0.267453 0.501444 0.041469 0.066222
1 0.551031 0.328542 0.048000 0.100583
0 0.668984 0.459222 0.042656 0.059778
0 0.735156 0.461292 0.061594 0.062028
0 0.568289 0.401625 0.033047 0.048972
0 0.350125 0.357750 0.029125 0.047056
