0 0.713438 0.126889 0.095594 0.065833
0 0.144922 0.504181 0.071500 0.136806
2 0.436125 0.624278 0.093375 0.216333
2 0.452523 0.265056 0.068547 0.126556
0 0.625859 0.301236 0.054438 0.092361
0 0.587102 0.219347 0.059516 0.090528
0 0.517977 0.168333 0.085328 0.069444
2 0.546859 0.107431 0.113281 0.106806
0 0.769648 0.154583 0.080234 0.082556
0 0.831406 0.093208 0.079375 0.083639
0 0.868125 0.074347 0.061562 0.061417
0 0.957734 0.103917 0.084531 0.065000
0 0.556133 0.027722 0.037859 0.055444
0 0.505836 0.030542 0.035141 0.049806
0 0.461117 0.022639 0.035578 0.045278
2 0.416594 0.031097 0.052500 0.062194
0 0.964687 0.255778 0.070625 0.079111
2 0.351836 0.117153 0.073203 0.145417
0 0.380914 0.198028 0.071953 0.087778
0 0.323180 0.266264 0.058578 0.094806
4 0.331570 0.361236 0.016984 0.063972
0 0.275797 0.186903 0.044750 0.076361
0 0.253859 0.231750 0.050875 0.099778
0 0.232844 0.260028 0.062906 0.111889
0 0.217852 0.304653 0.058828 0.082417
0 0.204219 0.360417 0.056125 0.102556
2 0.174383 0.399194 0.079516 0.137278
0 0.107047 0.554917 0.097188 0.171389
0 0.227039 0.655792 0.090953 0.162306
3 0.029000 0.798694 0.058000 0.111167
