1 0.566969 0.617458 0.084531 0.244417
0 0.235180 0.966389 0.078953 0.067222
0 0.374344 0.825097 0.066063 0.130194
0 0.531273 0.462042 0.034359 0.054639
0 0.393945 0.586333 0.049109 0.085444
0 0.307766 0.316847 0.025781 0.044083
0 0.351859 0.324694 0.027187 0.046389
0 0.620859 0.326972 0.029219 0.043056
0 0.461750 0.403167 0.030156 0.046944
2 0.907328 0.785389 0.086531 0.125722
2 0.874492 0.739153 0.068797 0.101417
2 0.607516 0.304917 0.027656 0.046667
1 0.260492 0.500014 0.073047 0.168306
1 0.310344 0.214528 0.030500 0.059389
0 0.842703 0.700417 0.062437 0.077556
2 0.323203 0.529333 0.053906 0.142000
0 0.592164 0.870792 0.057203 0.102861
0 0.478234 0.467694 0.034531 0.057778
0 0.819594 0.649972 0.061406 0.093278
1 0.329219 0.152792 0.044531 0.054639
0 0.388313 0.444861 0.035844 0.055611
3 0.693344 0.414097 0.036125 0.041806
0 0.385391 0.383639 0.029906 0.046722
0 0.344031 0.415292 0.032781 0.056028
0 0.585562 0.466069 0.035438 0.055472
0 0.539555 0.494139 0.038266 0.046000
0 0.295117 0.667375 0.057391 0.114917
0 0.519148 0.417306 0.031797 0.048722
1 0.259469 0.268639 0.043375 0.086833
0 0.574805 0.427889 0.034453 0.055722
0 0.565328 0.409111 0.031719 0.053889
0 0.293086 0.424833 0.030453 0.048389
0 0.229148 0.454375 0.024016 0.055250
0 0.390242 0.244861 0.024828 0.050278
