0 0.644008 0.448069 0.054797 0.041694
0 0.674828 0.428181 0.043906 0.041917
2 0.528484 0.438792 0.060406 0.088639
0 0.478828 0.433458 0.044688 0.046361
2 0.517156 0.503542 0.040688 0.098306
0 0.906984 0.651069 0.057969 0.072694
0 0.551961 0.604597 0.035578 0.060639
0 0.577523 0.664403 0.041172 0.080972
0 0.580734 0.825806 0.047906 0.097278
0 0.520711 0.933167 0.058922 0.133667
3 0.512930 0.745028 0.020422 0.057278
0 0.403695 0.487306 0.027297 0.048056
0 0.389313 0.515681 0.034594 0.053694
0 0.385602 0.565972 0.037766 0.064167
0 0.371125 0.640806 0.047250 0.078389
0 0.339328 0.601819 0.038750 0.064528
2 0.339266 0.481167 0.034031 0.049833
2 0.287625 0.593222 0.051344 0.117944
2 0.283531 0.718403 0.059313 0.104472
0 0.255516 0.676139 0.052062 0.094500
0 0.311508 0.840931 0.068328 0.119472
3 0.143859 0.954056 0.067781 0.075833
0 0.757398 0.499139 0.038922 0.048278
0 0.792742 0.491944 0.040297 0.047889
0 0.728578 0.473472 0.042125 0.041778
