2 0.446336 0.308236 0.074578 0.140194
0 0.561187 0.302444 0.059063 0.092944
0 0.500797 0.159514 0.087250 0.082028
0 0.592648 0.129375 0.089203 0.075083
0 0.888148 0.094167 0.095891 0.076667
0 0.798789 0.088889 0.075391 0.061111
2 0.560312 0.030694 0.044531 0.059167
0 0.501664 0.034972 0.033266 0.053333
0 0.511156 0.021417 0.036719 0.042833
0 0.458648 0.038111 0.038328 0.054889
0 0.389594 0.024861 0.039375 0.049722
0 0.336000 0.033028 0.035312 0.060833
2 0.353133 0.203167 0.085016 0.135722
0 0.375539 0.155042 0.076766 0.065083
0 0.286328 0.161389 0.035813 0.072333
0 0.276219 0.185972 0.043750 0.074556
0 0.269008 0.211042 0.031578 0.072528
2 0.228313 0.250139 0.069125 0.156278
0 0.203680 0.360125 0.058766 0.102250
2 0.171641 0.401653 0.072969 0.130917
0 0.312594 0.347375 0.061187 0.106194
3 0.289367 0.291694 0.025109 0.061556
0 0.266852 0.571958 0.079359 0.137750
0 0.157008 0.452903 0.062203 0.088639
0 0.142094 0.507556 0.077375 0.135111
0 0.109555 0.568583 0.075328 0.143389
3 0.029859 0.802333 0.059719 0.113278
0 0.571688 0.521569 0.071281 0.146083
0 0.638094 0.220528 0.067750 0.086444
0 0.680953 0.830500 0.085000 0.174889
