0 0.517672 0.676325 0.039250 0.069516
0 0.448414 0.744359 0.055516 0.107464
0 0.683594 0.896439 0.104125 0.172479
0 0.573906 0.901425 0.091406 0.197151
0 0.589406 0.718177 0.047688 0.079715
0 0.524625 0.783390 0.056438 0.102906
0 0.309617 0.633390 0.044516 0.055100
0 0.089445 0.869615 0.114453 0.188405
0 0.449508 0.568903 0.054047 0.047835
0 0.487664 0.610199 0.042922 0.049288
0 0.545289 0.611652 0.045297 0.049288
0 0.612852 0.592821 0.061203 0.046382
0 0.552844 0.584103 0.060406 0.046382
3 0.061625 0.775413 0.023844 0.046382
2 0.527008 0.566724 0.042141 0.049288
0 0.366852 0.619615 0.046109 0.050741
0 0.567945 0.568177 0.050859 0.037664
