0 0.498414 0.704688 0.074234 0.100625
2 0.439094 0.736896 0.129438 0.191208
0 0.496891 0.587135 0.059000 0.065979
0 0.325758 0.572635 0.043078 0.060146
0 0.305734 0.501292 0.027094 0.031125
0 0.445836 0.549865 0.045766 0.048562
0 0.542500 0.627698 0.069125 0.072229
0 0.583594 0.698052 0.106469 0.105854
0 0.703617 0.802031 0.172797 0.171854
0 0.478898 0.920260 0.154109 0.159479
0 0.611992 0.915906 0.155047 0.168188
0 0.804961 0.951906 0.199141 0.095771
0 0.445734 0.621969 0.065375 0.063521
0 0.392039 0.549104 0.045766 0.044833
0 0.432414 0.524625 0.040953 0.043542
0 0.347297 0.450927 0.017937 0.021771
0 0.395078 0.457167 0.012844 0.022833
0 0.410195 0.491969 0.023828 0.037479
0 0.318516 0.466448 0.020344 0.022854
0 0.324266 0.532604 0.033906 0.020667
1 0.312617 0.446729 0.031734 0.045958
2 0.417039 0.456125 0.027422 0.033417
1 0.375750 0.506375 0.045375 0.073125
0 0.347125 0.660896 0.080500 0.087458
