0 0.734063 0.658524 0.187688 0.154150
0 0.589445 0.625891 0.093016 0.068663
0 0.464062 0.598203 0.044000 0.038635
0 0.514945 0.608538 0.057328 0.047604
0 0.828617 0.645181 0.111391 0.101393
0 0.946313 0.662187 0.107375 0.147549
0 0.284766 0.622855 0.067125 0.086657
0 0.221000 0.601546 0.056031 0.072953
3 0.391156 0.635599 0.028594 0.067409
3 0.429703 0.777563 0.070281 0.183259
3 0.214594 0.769652 0.043938 0.119582
3 0.089672 0.730265 0.101594 0.202981
3 0.349828 0.691490 0.042781 0.128496
3 0.276000 0.877173 0.115750 0.245655
