0 0.412648 0.492778 0.119891 0.118889
0 0.619812 0.615292 0.157406 0.143528
0 0.951484 0.454986 0.072656 0.087194
0 0.595445 0.869264 0.147953 0.261472
0 0.493031 0.650528 0.123219 0.174111
0 0.171789 0.466583 0.080547 0.073944
0 0.287367 0.499819 0.098984 0.087972
0 0.271516 0.432014 0.105187 0.103417
0 0.178672 0.416986 0.064625 0.066028
1 0.110555 0.365014 0.109828 0.114639
0 0.932344 0.326056 0.052031 0.036222
4 0.850664 0.370389 0.030328 0.028722
3 0.714258 0.772167 0.057609 0.119389
3 0.788820 0.930083 0.059547 0.139833
