1 0.592922 0.490958 0.164281 0.207694
0 0.801320 0.610000 0.085797 0.118889
0 0.841781 0.661903 0.098562 0.164361
0 0.659844 0.596958 0.091250 0.099528
0 0.782453 0.465528 0.071187 0.081111
0 0.890766 0.356819 0.055375 0.069250
0 0.931531 0.497986 0.071188 0.124417
0 0.933047 0.608861 0.082750 0.112500
0 0.983563 0.445514 0.032875 0.118972
0 0.985391 0.366556 0.029219 0.069222
0 0.336156 0.836556 0.130219 0.156833
0 0.403086 0.874417 0.154547 0.200111
0 0.165695 0.795750 0.151078 0.159611
0 0.157578 0.908514 0.146719 0.138528
0 0.153672 0.963444 0.155156 0.073111
2 0.542117 0.690181 0.106766 0.155083
2 0.860703 0.500000 0.090938 0.171444
2 0.948648 0.246861 0.043172 0.049111
2 0.886945 0.199722 0.039453 0.050667
2 0.937141 0.198542 0.037688 0.044417
2 0.935539 0.395917 0.092359 0.147778
0 0.820781 0.275458 0.040000 0.071028
